Year,per100k,population,new_sick

1955,655.05,1726.1895089799998,11307.404378573487
1956,604.89,1808.2905638000002,10938.168791369822
1957,188.36,1909.08985121,3595.9616437391564
1958,76.01,1962.496638,1491.6936945438001
1959,368.37,2017.5047799999998,7431.882358086
1960,218.442623,2077.1137449999997,4537.30174727153
1961,38.64754098,2155.9035007999996,833.2036889609345
1962,38.64754098,2250.974758,869.9463920475058
1963,25.20491803,2346.6287022,591.4658408579629
1964,25.20491803,2440.0674803999996,615.0170083115062
1965,1.87,2509.8068614999997,46.93338831005
1966,2.62,2565.9465440000004,67.22779945280001
1967,48.58,2670.9599044,1297.5523215575201
1968,6.02,2733.0860728,164.53178158255997
1969,3.16,2818.4805175,89.06398435300001
1970,9.55,2907.458882,277.662323231
1971,15.15,3003.2302859999995,454.98938832899995
1972,2.14,3110.919725,66.57368211500001
1973,0.46,3220.2391822,14.81310023812
1974,2.99,3300.603042,98.6880309558
1975,2.92,3369.790285,98.397876322
1976,2.32,3448.8926316,80.01430905312
1977,0.64,3523.8141639,22.55241064896
1978,4.2,3605.2564153999997,151.4207694468
1979,3.8,3700.7254439999997,140.627566872
1980,0.49,3782.71195,18.535288555
1981,0.63,3835.3974897999997,24.163004185739997
1982,1.54,3905.0831983999997,60.13828125536
1983,1.91,3955.4602321000007,75.54929043311002
1984,0.17,4031.8311163999997,6.85411289788
1985,0.57,4094.8902020000005,23.340874151400005
1986,1.09,4156.1428568,45.301957139120006
1987,2.2,4226.7874536,92.9893239792
1988,0.16,4292.6253248,6.86820051968
1989,4.85,4370.952813100001,211.99121143535
1990,3.33,4622.595682,153.9324362106
1991,0.71,4842.973291199999,34.38511036751999
1992,1.93,4963.6354316,95.79816382988
1993,2.62,5081.0410468,133.12327542616
1994,0.96,5215.664151600002,50.07037585536002
1995,1.03,5325.156811,54.8491151533
1996,2.48,5448.839940999999,135.1312305368
1997,1.51,5563.602825,84.0104026575
1998,1.39,5680.332467999999,78.95662130519997
1999,5.49,5803.729882999999,318.6247705767
2000,7.19,5923.705892,425.9144536348
2001,8.77,6027.371551799999,528.6004850928599
2002,8.45,6129.7219338,517.9615034061001
2003,14.59,6234.556431000001,909.6217832829002
2004,24.26,6341.075530800001,1538.3449237720802
2005,12.9,6449.873619000001,832.0336968510002
2006,21.58,6561.351033800001,1415.93955309404
2007,37.16,6678.5055246,2481.73265294136
2008,30.03,6856.4930614,2059.0048663384205
2009,16.31,6981.1942745,1138.6327861709499
2010,16.42,7114.965476999999,1168.2773313234
2011,30.737335499999997,7244.512914663,2226.7702399207947
2012,35.01674989,7380.050991663,2584.2539975050972
2013,20.91941187,7518.187309,1572.7605683277798
